# Category : Standard Illuminant
# Brand : E
# Model : Standard Illuminant
# Usage : Standard Illuminant
# Rotational Angle : null
# Vertical Angle : null
# Normalization : Constant lumen
wavelength,intensity
300,1.0
300.5,1.0
301,1.0
301.5,1.0
302.5,1.0
303,1.0
303.5,1.0
304,1.0
304.5,1.0
305,1.0
305.5,1.0
307,1.0
307.5,1.0
308,1.0
308.5,1.0
309,1.0
311,1.0
311.5,1.0
312,1.0
312.5,1.0
314.5,1.0
315,1.0
325.5,1.0
326,1.0
326.5,1.0
327,1.0
327.5,1.0
328,1.0
328.5,1.0
332.5,1.0
333,1.0
333.5,1.0
334,1.0
334.5,1.0
342.5,1.0
343,1.0
343.5,1.0
345,1.0
345.5,1.0
346,1.0
346.5,1.0
347,1.0
347.5,1.0
348,1.0
348.5,1.0
349,1.0
349.5,1.0
350,1.0
352.5,1.0
353,1.0
353.5,1.0
354,1.0
354.5,1.0
355,1.0
355.5,1.0
356,1.0
356.5,1.0
357,1.0
357.5,1.0
358,1.0
358.5,1.0
360,1.0
360.5,1.0
361,1.0
361.5,1.0
362,1.0
363,1.0
363.5,1.0
364,1.0
364.5,1.0
365,1.0
365.5,1.0
366,1.0
366.5,1.0
372,1.0
372.5,1.0
373,1.0
373.5,1.0
375.5,1.0
376,1.0
376.5,1.0
381.5,1.0
382,1.0
382.5,1.0
383,1.0
383.5,1.0
384,1.0
384.5,1.0
385,1.0
385.5,1.0
386,1.0
389.5,1.0
390,1.0
391.5,1.0
392,1.0
395.5,1.0
396,1.0
396.5,1.0
397,1.0
397.5,1.0
398,1.0
398.5,1.0
399,1.0
399.5,1.0
400,1.0
400.5,1.0
401,1.0
401.5,1.0
402,1.0
402.5,1.0
403,1.0
403.5,1.0
404,1.0
404.5,1.0
405,1.0
405.5,1.0
406,1.0
406.5,1.0
407,1.0
407.5,1.0
408,1.0
408.5,1.0
409,1.0
409.5,1.0
410,1.0
410.5,1.0
411,1.0
411.5,1.0
412,1.0
412.5,1.0
413,1.0
413.5,1.0
414,1.0
414.5,1.0
415,1.0
415.5,1.0
416,1.0
416.5,1.0
417,1.0
417.5,1.0
418,1.0
418.5,1.0
419,1.0
419.5,1.0
420,1.0
420.5,1.0
421,1.0
421.5,1.0
422,1.0
422.5,1.0
423,1.0
423.5,1.0
424,1.0
424.5,1.0
425,1.0
425.5,1.0
426,1.0
426.5,1.0
427,1.0
427.5,1.0
428,1.0
428.5,1.0
429,1.0
429.5,1.0
430,1.0
430.5,1.0
431,1.0
431.5,1.0
432,1.0
432.5,1.0
433,1.0
433.5,1.0
434,1.0
434.5,1.0
435,1.0
435.5,1.0
436,1.0
436.5,1.0
437,1.0
437.5,1.0
438,1.0
438.5,1.0
439,1.0
439.5,1.0
440,1.0
440.5,1.0
441,1.0
441.5,1.0
442,1.0
442.5,1.0
443,1.0
443.5,1.0
444,1.0
444.5,1.0
445,1.0
445.5,1.0
446,1.0
446.5,1.0
447,1.0
447.5,1.0
448,1.0
448.5,1.0
449,1.0
449.5,1.0
450,1.0
450.5,1.0
451,1.0
451.5,1.0
452,1.0
452.5,1.0
453,1.0
453.5,1.0
454,1.0
454.5,1.0
455,1.0
455.5,1.0
456,1.0
456.5,1.0
457,1.0
457.5,1.0
458,1.0
458.5,1.0
459,1.0
459.5,1.0
460,1.0
460.5,1.0
461,1.0
461.5,1.0
462,1.0
462.5,1.0
463,1.0
463.5,1.0
464,1.0
464.5,1.0
465,1.0
465.5,1.0
466,1.0
466.5,1.0
467,1.0
467.5,1.0
468,1.0
468.5,1.0
469,1.0
469.5,1.0
470,1.0
470.5,1.0
471,1.0
471.5,1.0
472,1.0
472.5,1.0
473,1.0
473.5,1.0
474,1.0
474.5,1.0
475,1.0
475.5,1.0
476,1.0
476.5,1.0
477,1.0
477.5,1.0
478,1.0
478.5,1.0
479,1.0
479.5,1.0
480,1.0
480.5,1.0
481,1.0
481.5,1.0
482,1.0
482.5,1.0
483,1.0
483.5,1.0
484,1.0
484.5,1.0
485,1.0
485.5,1.0
486,1.0
486.5,1.0
487,1.0
487.5,1.0
488,1.0
488.5,1.0
489,1.0
489.5,1.0
490,1.0
490.5,1.0
491,1.0
491.5,1.0
492,1.0
492.5,1.0
493,1.0
493.5,1.0
494,1.0
494.5,1.0
495,1.0
495.5,1.0
496,1.0
496.5,1.0
497,1.0
497.5,1.0
498,1.0
498.5,1.0
499,1.0
499.5,1.0
500,1.0
500.5,1.0
501,1.0
501.5,1.0
502,1.0
502.5,1.0
503,1.0
503.5,1.0
504,1.0
504.5,1.0
505,1.0
505.5,1.0
506,1.0
506.5,1.0
507,1.0
507.5,1.0
508,1.0
508.5,1.0
509,1.0
509.5,1.0
510,1.0
510.5,1.0
511,1.0
511.5,1.0
512,1.0
512.5,1.0
513,1.0
513.5,1.0
514,1.0
514.5,1.0
515,1.0
515.5,1.0
516,1.0
516.5,1.0
517,1.0
517.5,1.0
518,1.0
518.5,1.0
519,1.0
519.5,1.0
520,1.0
520.5,1.0
521,1.0
521.5,1.0
522,1.0
522.5,1.0
523,1.0
523.5,1.0
524,1.0
524.5,1.0
525,1.0
525.5,1.0
526,1.0
526.5,1.0
527,1.0
527.5,1.0
528,1.0
528.5,1.0
529,1.0
529.5,1.0
530,1.0
530.5,1.0
531,1.0
531.5,1.0
532,1.0
532.5,1.0
533,1.0
533.5,1.0
534,1.0
534.5,1.0
535,1.0
535.5,1.0
536,1.0
536.5,1.0
537,1.0
537.5,1.0
538,1.0
538.5,1.0
539,1.0
539.5,1.0
540,1.0
540.5,1.0
541,1.0
541.5,1.0
542,1.0
542.5,1.0
543,1.0
543.5,1.0
544,1.0
544.5,1.0
545,1.0
545.5,1.0
546,1.0
546.5,1.0
547,1.0
547.5,1.0
548,1.0
548.5,1.0
549,1.0
549.5,1.0
550,1.0
550.5,1.0
551,1.0
551.5,1.0
552,1.0
552.5,1.0
553,1.0
553.5,1.0
554,1.0
554.5,1.0
555,1.0
555.5,1.0
556,1.0
556.5,1.0
557,1.0
557.5,1.0
558,1.0
558.5,1.0
559,1.0
559.5,1.0
560,1.0
560.5,1.0
561,1.0
561.5,1.0
562,1.0
562.5,1.0
563,1.0
563.5,1.0
564,1.0
564.5,1.0
565,1.0
565.5,1.0
566,1.0
566.5,1.0
567,1.0
567.5,1.0
568,1.0
568.5,1.0
569,1.0
569.5,1.0
570,1.0
570.5,1.0
571,1.0
571.5,1.0
572,1.0
572.5,1.0
573,1.0
573.5,1.0
574,1.0
574.5,1.0
575,1.0
575.5,1.0
576,1.0
576.5,1.0
577,1.0
577.5,1.0
578,1.0
578.5,1.0
579,1.0
579.5,1.0
580,1.0
580.5,1.0
581,1.0
581.5,1.0
582,1.0
582.5,1.0
583,1.0
583.5,1.0
584,1.0
584.5,1.0
585,1.0
585.5,1.0
586,1.0
586.5,1.0
587,1.0
587.5,1.0
588,1.0
588.5,1.0
589,1.0
589.5,1.0
590,1.0
590.5,1.0
591,1.0
591.5,1.0
592,1.0
592.5,1.0
593,1.0
593.5,1.0
594,1.0
594.5,1.0
595,1.0
595.5,1.0
596,1.0
596.5,1.0
597,1.0
597.5,1.0
598,1.0
598.5,1.0
599,1.0
599.5,1.0
600,1.0
600.5,1.0
601,1.0
601.5,1.0
602,1.0
602.5,1.0
603,1.0
603.5,1.0
604,1.0
604.5,1.0
605,1.0
605.5,1.0
606,1.0
606.5,1.0
607,1.0
607.5,1.0
608,1.0
608.5,1.0
609,1.0
609.5,1.0
610,1.0
610.5,1.0
611,1.0
611.5,1.0
612,1.0
612.5,1.0
613,1.0
613.5,1.0
614,1.0
614.5,1.0
615,1.0
615.5,1.0
616,1.0
616.5,1.0
617,1.0
617.5,1.0
618,1.0
618.5,1.0
619,1.0
619.5,1.0
620,1.0
620.5,1.0
621,1.0
621.5,1.0
622,1.0
622.5,1.0
623,1.0
623.5,1.0
624,1.0
624.5,1.0
625,1.0
625.5,1.0
626,1.0
626.5,1.0
627,1.0
627.5,1.0
628,1.0
628.5,1.0
629,1.0
629.5,1.0
630,1.0
630.5,1.0
631,1.0
631.5,1.0
632,1.0
632.5,1.0
633,1.0
633.5,1.0
634,1.0
634.5,1.0
635,1.0
635.5,1.0
636,1.0
636.5,1.0
637,1.0
637.5,1.0
638,1.0
638.5,1.0
639,1.0
639.5,1.0
640,1.0
640.5,1.0
641,1.0
641.5,1.0
642,1.0
642.5,1.0
643,1.0
643.5,1.0
644,1.0
644.5,1.0
645,1.0
645.5,1.0
646,1.0
646.5,1.0
647,1.0
647.5,1.0
648,1.0
648.5,1.0
649,1.0
649.5,1.0
650,1.0
650.5,1.0
651,1.0
651.5,1.0
652,1.0
652.5,1.0
653,1.0
653.5,1.0
654,1.0
654.5,1.0
655,1.0
655.5,1.0
656,1.0
656.5,1.0
657,1.0
657.5,1.0
658,1.0
658.5,1.0
659,1.0
659.5,1.0
660,1.0
660.5,1.0
661,1.0
661.5,1.0
662,1.0
662.5,1.0
663,1.0
663.5,1.0
664,1.0
664.5,1.0
665,1.0
665.5,1.0
666,1.0
666.5,1.0
667,1.0
667.5,1.0
668,1.0
668.5,1.0
669,1.0
669.5,1.0
670,1.0
670.5,1.0
671,1.0
671.5,1.0
672,1.0
672.5,1.0
673,1.0
673.5,1.0
674,1.0
674.5,1.0
675,1.0
675.5,1.0
676,1.0
676.5,1.0
677,1.0
677.5,1.0
678,1.0
678.5,1.0
679,1.0
679.5,1.0
680,1.0
680.5,1.0
681,1.0
681.5,1.0
682,1.0
682.5,1.0
683,1.0
683.5,1.0
684,1.0
684.5,1.0
685,1.0
685.5,1.0
686,1.0
686.5,1.0
687,1.0
687.5,1.0
688,1.0
688.5,1.0
689,1.0
689.5,1.0
690,1.0
690.5,1.0
691,1.0
691.5,1.0
692,1.0
692.5,1.0
693,1.0
693.5,1.0
694,1.0
694.5,1.0
695,1.0
695.5,1.0
696,1.0
696.5,1.0
697,1.0
697.5,1.0
698,1.0
698.5,1.0
699,1.0
699.5,1.0
700,1.0
700.5,1.0
701,1.0
701.5,1.0
702,1.0
702.5,1.0
703,1.0
703.5,1.0
704,1.0
704.5,1.0
705,1.0
705.5,1.0
706,1.0
706.5,1.0
707,1.0
707.5,1.0
708,1.0
708.5,1.0
709,1.0
709.5,1.0
710,1.0
710.5,1.0
711,1.0
711.5,1.0
712,1.0
712.5,1.0
713,1.0
713.5,1.0
714,1.0
714.5,1.0
715,1.0
715.5,1.0
716,1.0
716.5,1.0
717,1.0
717.5,1.0
718,1.0
718.5,1.0
719,1.0
719.5,1.0
720,1.0
720.5,1.0
721,1.0
721.5,1.0
722,1.0
722.5,1.0
723,1.0
723.5,1.0
724,1.0
724.5,1.0
725,1.0
725.5,1.0
726,1.0
726.5,1.0
727,1.0
727.5,1.0
728,1.0
728.5,1.0
729,1.0
729.5,1.0
730,1.0
730.5,1.0
731,1.0
731.5,1.0
732,1.0
732.5,1.0
733,1.0
733.5,1.0
734,1.0
734.5,1.0
735,1.0
735.5,1.0
736,1.0
736.5,1.0
737,1.0
737.5,1.0
738,1.0
738.5,1.0
739,1.0
739.5,1.0
740,1.0
740.5,1.0
741,1.0
741.5,1.0
742,1.0
742.5,1.0
743,1.0
743.5,1.0
744,1.0
744.5,1.0
745,1.0
745.5,1.0
746,1.0
746.5,1.0
747,1.0
747.5,1.0
748,1.0
748.5,1.0
749,1.0
749.5,1.0
750,1.0
750.5,1.0
751,1.0
751.5,1.0
752,1.0
752.5,1.0
753,1.0
753.5,1.0
754,1.0
754.5,1.0
755,1.0
755.5,1.0
756,1.0
756.5,1.0
757,1.0
757.5,1.0
758,1.0
758.5,1.0
759,1.0
759.5,1.0
760,1.0
760.5,1.0
761,1.0
761.5,1.0
762,1.0
762.5,1.0
763,1.0
763.5,1.0
764,1.0
764.5,1.0
765,1.0
765.5,1.0
766,1.0
766.5,1.0
767,1.0
767.5,1.0
768,1.0
768.5,1.0
769,1.0
769.5,1.0
770,1.0
770.5,1.0
771,1.0
771.5,1.0
772,1.0
772.5,1.0
773,1.0
773.5,1.0
774,1.0
774.5,1.0
775,1.0
775.5,1.0
776,1.0
776.5,1.0
777,1.0
777.5,1.0
778,1.0
778.5,1.0
779,1.0
779.5,1.0
780,1.0
780.5,1.0
781,1.0
781.5,1.0
782,1.0
782.5,1.0
783,1.0
783.5,1.0
784,1.0
784.5,1.0
785,1.0
785.5,1.0
786,1.0
786.5,1.0
787,1.0
787.5,1.0
788,1.0
788.5,1.0
789,1.0
789.5,1.0
790,1.0
790.5,1.0
791,1.0
791.5,1.0
792,1.0
792.5,1.0
793,1.0
793.5,1.0
794,1.0
794.5,1.0
795,1.0
795.5,1.0
797.5,1.0
798,1.0
798.5,1.0
799,1.0
799.5,1.0
800,1.0
800.5,1.0
801,1.0
801.5,1.0
803.5,1.0
804,1.0
804.5,1.0
805,1.0
805.5,1.0
806,1.0
806.5,1.0
808.5,1.0
809,1.0
809.5,1.0
810,1.0
811.5,1.0
812,1.0
813.5,1.0
814,1.0
814.5,1.0
815,1.0
815.5,1.0
816,1.0
822.5,1.0
823,1.0
823.5,1.0
824,1.0
824.5,1.0
825,1.0
834.5,1.0
837.5,1.0
838,1.0
839,1.0
839.5,1.0
840,1.0
840.5,1.0
847,1.0
847.5,1.0
848,1.0
848.5,1.0
849,1.0
849.5,1.0
850,1.0
850.5,1.0
851,1.0
851.5,1.0
867.5,1.0
868,1.0
868.5,1.0
873,1.0
873.5,1.0
874,1.0
878.5,1.0
883,1.0
883.5,1.0
884,1.0
886.5,1.0
887,1.0
894.5,1.0
895,1.0
898.5,1.0
899,1.0
